  0   0   0 255  55 255 255 255 255 255 255  76 255 255 255 255
  0   0   0 255  55  55 255  54  54 255  54  54 255 255 255 255
  0   0   0 255  55  55 255  54  54 255  54  54 255 255 255 255
255 255 255 255 255 255 255 255 255 255 255 255 255 255 255 255
 54  54  54 255   0   0 255 255 255 255   0   0 255 255 255 255
 54  54  54 255   0   0 255 255 255 255   0   0 255 255 255 255
255 255 255 255 255 255 255 255 255 255 255 255 255 255 255 255
255 255 255 255  54  54 255 255 255 255 255 255 255  54  54 255
255 255 255 255  54  54 255 255 255 255 255 255 255  54  54  54
255 255 255 255 255 255 255 255 255 255 255 255 255 255 255 255
129 129 129 255 255 255 255  33  33 255  33  33 255 255 255 255
136 129 129 255 255 255 255  33  33 255  33  33 255 255 255 255
255 255 255 255 255 255 255 255 255 255 255 255 255 255 255 255
 54  54  54 255  55  55 255 255 255 255 129 129 255 255 255 255
 54  54  54 255  55  55 255 255 255 255 129 129 255 255 255 255
255  54  54 255  55 255 255 255 255 255 129 129 255 255 255 255
 78  78  78 255  66 255 255 255 255 255 255  64 255 255 255 255
 78  78  78 255  66  66 255  41  41 255  41  41 255 255 255 255
 78  78  78 255  66  66 255  41  41 255  41  41 255 255 255 255
255 255 255 255 255 255 255 255 255 255 255 255 255 255 255 255
 41  41  41 255  78  78 255 255 255 255  78  78 255 255 255 255
 41  41  41 255  78  78 255 255 255 255  78  78 255 255 255 255
255 255 255 255 255 255 255 255 255 255 255 255 255 255 255 255
255 255 255 255  41  41 255 255 255 255 255 255 255  41  41 255
255 255 255 255  41  41 255 255 255 255 255 255 255  41  41  41
255 255 255 255 255 255 255 255 255 255 255 255 255 255 255 255
208 208 208 255 255 255 255 178 178 255 178 178 255 255 255 255
211 208 208 255 255 255 255 178 178 255 178 178 255 255 255 255
255 255 255 255 255 255 255 255 255 255 255 255 255 255 255 255
 41  41  41 255  66  66 255 255 255 255 208 208 255 255 255 255
 41  41  41 255  66  66 255 255 255 255 208 208 255 255 255 255
255  41  41 255  66 255 255 255 255 255 208 208 255 255 255 255
255 255 255 255  75 255 255 255 255 255 255 210 255 255 255 255
255 255 255 255  75  75 255 204 204 255 204 204 255 255 255 255
255 255 255 255  75  75 255 204 204 255 204 204 255 255 255 255
255 255 255 255 255 255 255 255 255 255 255 255 255 255 255 255
204 204 204 255 255 255 255 255 255 255 255 255 255 255 255 255
204 204 204 255 255 255 255 255 255 255 255 255 255 255 255 255
255 255 255 255 255 255 255 255 255 255 255 255 255 255 255 255
255 255 255 255 204 204 255 255 255 255 255 255 255 204 204 255
255 255 255 255 204 204 255 255 255 255 255 255 255 204 204 204
255 255 255 255 255 255 255 255 255 255 255 255 255 255 255 255
142 142 142 255 255 255 255 173 173 255 173 173 255 255 255 255
148 142 142 255 255 255 255 173 173 255 173 173 255 255 255 255
255 255 255 255 255 255 255 255 255 255 255 255 255 255 255 255
204 204 204 255  75  75 255 255 255 255 142 142 255 255 255 255
204 204 204 255  75  75 255 255 255 255 142 142 255 255 255 255
255 204 204 255  75 255 255 255 255 255 142 142 255 255 255 255

255 255 255 255 255 255 255 255  54 255 255 255 255 255 255 255
255 255 255 255 255 255 255  54  54 255 255 255 255 255 255 255
255 255 255 255 255 255 255  54  54 255 255 255 255 255 255 255
255 255 255 255 255 255 255 255 255 255 255 255 255 255 255 255
 76  54  54 255   0   0 255 255 255 255  33  33 255 129 129 129
255  54  54 255   0   0 255 255 255 255  33  33 255 129 129 129
255 255 255 255 255 255 255 255 255 255 255 255 255 255 255 255
255  54  54 255 255 255 255 255 255 255  33  33 255 255 255 255
255  54  54 255 255 255 255 255 255 255  33  33 255 255 255 255
255 255 255 255 255 255 255 255 255 255 255 255 255 255 255 255
255  55  55 255   0   0 255  54  54 255 255 255 255  55  55 255
 55  55  55 255   0   0 255  54  54 255 255 255 255  55  55  55
255 255 255 255 255 255 255 255 255 255 255 255 255 255 255 255
  0   0   0 255  54  54 255 255 255 255 129 129 255  54  54  54
  0   0   0 255  54  54 255 255 255 255 129 129 255  54  54  54
  0   0   0 255  54  54 255 255 255 255 129 136 255  54  54 255
255 255 255 255 255 255 255 255  41 255 255 255 255 255 255 255
255 255 255 255 255 255 255  41  41 255 255 255 255 255 255 255
255 255 255 255 255 255 255  41  41 255 255 255 255 255 255 255
255 255 255 255 255 255 255 255 255 255 255 255 255 255 255 255
 64  41  41 255  78  78 255 255 255 255 178 178 255 208 208 208
255  41  41 255  78  78 255 255 255 255 178 178 255 208 208 208
255 255 255 255 255 255 255 255 255 255 255 255 255 255 255 255
255  41  41 255 255 255 255 255 255 255 178 178 255 255 255 255
255  41  41 255 255 255 255 255 255 255 178 178 255 255 255 255
255 255 255 255 255 255 255 255 255 255 255 255 255 255 255 255
255  66  66 255  78  78 255  41  41 255 255 255 255  66  66 255
 66  66  66 255  78  78 255  41  41 255 255 255 255  66  66  66
255 255 255 255 255 255 255 255 255 255 255 255 255 255 255 255
 78  78  78 255  41  41 255 255 255 255 208 208 255  41  41  41
 78  78  78 255  41  41 255 255 255 255 208 208 255  41  41  41
 78  78  78 255  41  41 255 255 255 255 208 211 255  41  41 255
255 255 255 255 255 255 255 255 204 255 255 255 255 255 255 255
255 255 255 255 255 255 255 204 204 255 255 255 255 255 255 255
255 255 255 255 255 255 255 204 204 255 255 255 255 255 255 255
255 255 255 255 255 255 255 255 255 255 255 255 255 255 255 255
210 204 204 255 255 255 255 255 255 255 173 173 255 142 142 142
255 204 204 255 255 255 255 255 255 255 173 173 255 142 142 142
255 255 255 255 255 255 255 255 255 255 255 255 255 255 255 255
255 204 204 255 255 255 255 255 255 255 173 173 255 255 255 255
255 204 204 255 255 255 255 255 255 255 173 173 255 255 255 255
255 255 255 255 255 255 255 255 255 255 255 255 255 255 255 255
255  75  75 255 255 255 255 204 204 255 255 255 255  75  75 255
 75  75  75 255 255 255 255 204 204 255 255 255 255  75  75  75
255 255 255 255 255 255 255 255 255 255 255 255 255 255 255 255
255 255 255 255 204 204 255 255 255 255 142 142 255 204 204 204
255 255 255 255 204 204 255 255 255 255 142 142 255 204 204 204
255 255 255 255 204 204 255 255 255 255 142 148 255 204 204 255

255 255 255 255 129 129 255 255 255 255 255  55 255  54  54 255
255 255 255 255 129 129 255 255 255 255  55  55 255  54  54  54
255 255 255 255 129 129 255 255 255 255  55  55 255  54  54  54
255 255 255 255 255 255 255 255 255 255 255 255 255 255 255 255
255 255 255 255  33  33 255  33  33 255 255 255 255 129 129 136
255 255 255 255  33  33 255  33  33 255 255 255 255 129 129 129
255 255 255 255 255 255 255 255 255 255 255 255 255 255 255 255
 54  54  54 255 255 255 255 255 255 255  54  54 255 255 255 255
255  54  54 255 255 255 255 255 255 255  54  54 255 255 255 255
255 255 255 255 255 255 255 255 255 255 255 255 255 255 255 255
255 255 255 255   0   0 255 255 255 255   0   0 255  54  54  54
255 255 255 255   0   0 255 255 255 255   0   0 255  54  54  54
255 255 255 255 255 255 255 255 255 255 255 255 255 255 255 255
255 255 255 255  54  54 255  54  54 255  55  55 255   0   0   0
255 255 255 255  54  54 255  54  54 255  55  55 255   0   0   0
255 255 255 255  76 255 255 255 255 255 255  55 255   0   0   0
255 255 255 255 208 208 255 255 255 255 255  66 255  41  41 255
255 255 255 255 208 208 255 255 255 255  66  66 255  41  41  41
255 255 255 255 208 208 255 255 255 255  66  66 255  41  41  41
255 255 255 255 255 255 255 255 255 255 255 255 255 255 255 255
255 255 255 255 178 178 255 178 178 255 255 255 255 208 208 211
255 255 255 255 178 178 255 178 178 255 255 255 255 208 208 208
255 255 255 255 255 255 255 255 255 255 255 255 255 255 255 255
 41  41  41 255 255 255 255 255 255 255  41  41 255 255 255 255
255  41  41 255 255 255 255 255 255 255  41  41 255 255 255 255
255 255 255 255 255 255 255 255 255 255 255 255 255 255 255 255
255 255 255 255  78  78 255 255 255 255  78  78 255  41  41  41
255 255 255 255  78  78 255 255 255 255  78  78 255  41  41  41
255 255 255 255 255 255 255 255 255 255 255 255 255 255 255 255
255 255 255 255  41  41 255  41  41 255  66  66 255  78  78  78
255 255 255 255  41  41 255  41  41 255  66  66 255  78  78  78
255 255 255 255  64 255 255 255 255 255 255  66 255  78  78  78
255 255 255 255 142 142 255 255 255 255 255  75 255 204 204 255
255 255 255 255 142 142 255 255 255 255  75  75 255 204 204 204
255 255 255 255 142 142 255 255 255 255  75  75 255 204 204 204
255 255 255 255 255 255 255 255 255 255 255 255 255 255 255 255
255 255 255 255 173 173 255 173 173 255 255 255 255 142 142 148
255 255 255 255 173 173 255 173 173 255 255 255 255 142 142 142
255 255 255 255 255 255 255 255 255 255 255 255 255 255 255 255
204 204 204 255 255 255 255 255 255 255 204 204 255 255 255 255
255 204 204 255 255 255 255 255 255 255 204 204 255 255 255 255
255 255 255 255 255 255 255 255 255 255 255 255 255 255 255 255
255 255 255 255 255 255 255 255 255 255 255 255 255 204 204 204
255 255 255 255 255 255 255 255 255 255 255 255 255 204 204 204
255 255 255 255 255 255 255 255 255 255 255 255 255 255 255 255
255 255 255 255 204 204 255 204 204 255  75  75 255 255 255 255
255 255 255 255 204 204 255 204 204 255  75  75 255 255 255 255
255 255 255 255 210 255 255 255 255 255 255  75 255 255 255 255

255  54  54 255 136 129 255 255 255 255  54  54 255   0   0   0
 54  54  54 255 129 129 255 255 255 255  54  54 255   0   0   0
 54  54  54 255 129 129 255 255 255 255  54  54 255   0   0   0
255 255 255 255 255 255 255 255 255 255 255 255 255 255 255 255
 55  55  55 255 255 255 255  54  54 255   0   0 255  55  55  55
255  55  55 255 255 255 255  54  54 255   0   0 255  55  55 255
255 255 255 255 255 255 255 255 255 255 255 255 255 255 255 255
255 255 255 255  33  33 255 255 255 255 255 255 255  54  54 255
255 255 255 255  33  33 255 255 255 255 255 255 255  54  54 255
255 255 255 255 255 255 255 255 255 255 255 255 255 255 255 255
129 129 129 255  33  33 255 255 255 255   0   0 255  54  54 255
129 129 129 255  33  33 255 255 255 255   0   0 255  54  54  76
255 255 255 255 255 255 255 255 255 255 255 255 255 255 255 255
255 255 255 255 255 255 255  54  54 255 255 255 255 255 255 255
255 255 255 255 255 255 255  54  54 255 255 255 255 255 255 255
255 255 255 255 255 255 255  54 255 255 255 255 255 255 255 255
255  41  41 255 211 208 255 255 255 255  41  41 255  78  78  78
 41  41  41 255 208 208 255 255 255 255  41  41 255  78  78  78
 41  41  41 255 208 208 255 255 255 255  41  41 255  78  78  78
255 255 255 255 255 255 255 255 255 255 255 255 255 255 255 255
 66  66  66 255 255 255 255  41  41 255  78  78 255  66  66  66
255  66  66 255 255 255 255  41  41 255  78  78 255  66  66 255
255 255 255 255 255 255 255 255 255 255 255 255 255 255 255 255
255 255 255 255 178 178 255 255 255 255 255 255 255  41  41 255
255 255 255 255 178 178 255 255 255 255 255 255 255  41  41 255
255 255 255 255 255 255 255 255 255 255 255 255 255 255 255 255
208 208 208 255 178 178 255 255 255 255  78  78 255  41  41 255
208 208 208 255 178 178 255 255 255 255  78  78 255  41  41  64
255 255 255 255 255 255 255 255 255 255 255 255 255 255 255 255
255 255 255 255 255 255 255  41  41 255 255 255 255 255 255 255
255 255 255 255 255 255 255  41  41 255 255 255 255 255 255 255
255 255 255 255 255 255 255  41 255 255 255 255 255 255 255 255
255 204 204 255 148 142 255 255 255 255 204 204 255 255 255 255
204 204 204 255 142 142 255 255 255 255 204 204 255 255 255 255
204 204 204 255 142 142 255 255 255 255 204 204 255 255 255 255
255 255 255 255 255 255 255 255 255 255 255 255 255 255 255 255
 75  75  75 255 255 255 255 204 204 255 255 255 255  75  75  75
255  75  75 255 255 255 255 204 204 255 255 255 255  75  75 255
255 255 255 255 255 255 255 255 255 255 255 255 255 255 255 255
255 255 255 255 173 173 255 255 255 255 255 255 255 204 204 255
255 255 255 255 173 173 255 255 255 255 255 255 255 204 204 255
255 255 255 255 255 255 255 255 255 255 255 255 255 255 255 255
142 142 142 255 173 173 255 255 255 255 255 255 255 204 204 255
142 142 142 255 173 173 255 255 255 255 255 255 255 204 204 210
255 255 255 255 255 255 255 255 255 255 255 255 255 255 255 255
255 255 255 255 255 255 255 204 204 255 255 255 255 255 255 255
255 255 255 255 255 255 255 204 204 255 255 255 255 255 255 255
255 255 255 255 255 255 255 204 255 255 255 255 255 255 255 255
